112 425
0 1
2 1
3 1
2 0
4 0
5 0
6 0
7 0
8 0
9 0
10 0
11 0
12 0
13 0
14 0
15 0
3 2
4 2
16 2
5 2
6 2
17 2
18 2
19 2
20 2
21 2
22 2
23 2
24 2
25 2
26 2
10 2
27 2
11 2
28 2
13 2
29 2
30 2
31 2
32 2
33 2
34 2
35 2
15 2
36 2
37 2
38 2
4 3
39 3
7 3
10 3
40 3
13 3
41 3
42 43
44 43
45 42
6 42
23 42
46 42
47 42
40 42
48 45
46 45
13 45
49 45
50 45
51 48
6 48
17 48
52 48
53 48
13 48
54 48
55 48
56 48
57 48
4 58
59 4
6 4
20 4
21 4
22 4
47 4
60 4
27 4
61 4
62 4
63 4
64 4
44 4
16 39
59 39
28 39
60 16
65 16
66 16
35 16
36 16
6 59
7 59
40 59
28 59
56 59
67 59
15 59
36 59
5 68
51 68
69 68
6 68
7 68
15 68
69 5
6 5
21 5
26 5
52 5
61 5
70 5
71 5
37 5
6 51
46 51
53 51
40 51
72 51
55 51
73 51
74 51
67 51
36 51
70 69
17 6
18 6
20 6
21 6
22 6
23 6
9 6
24 6
46 6
25 6
75 6
26 6
52 6
53 6
40 6
76 6
28 6
13 6
49 6
29 6
77 6
30 6
78 6
54 6
79 6
80 6
81 6
82 6
32 6
83 6
41 6
84 6
56 6
67 6
44 6
33 6
35 6
15 6
85 6
36 6
17 7
86 7
25 7
40 7
76 7
28 7
13 7
87 7
29 7
62 7
88 8
17 8
18 8
19 8
20 8
21 8
22 8
23 8
40 88
74 88
89 88
90 88
9 17
40 17
72 17
28 17
13 17
11 18
89 18
40 19
91 19
13 19
61 19
66 19
37 19
26 20
40 20
91 20
92 20
70 20
55 20
73 20
56 20
85 20
36 20
90 20
93 21
10 21
12 21
72 21
13 21
61 21
80 21
67 21
36 21
40 22
13 22
94 22
70 22
74 22
81 22
36 22
40 23
49 23
29 23
65 23
70 23
73 23
74 23
81 23
56 23
95 23
85 23
86 9
93 9
24 9
46 9
96 9
25 9
75 9
76 9
44 9
97 9
98 86
99 86
74 86
13 93
74 93
83 93
97 93
46 24
10 24
40 24
13 24
74 24
84 24
85 24
36 24
90 24
13 46
49 46
54 46
100 46
73 96
83 96
36 96
101 96
13 25
29 25
101 25
72 75
13 75
71 75
36 75
40 26
50 26
56 26
53 52
91 52
102 52
98 52
61 52
79 52
85 52
47 53
60 53
10 53
13 53
36 53
40 47
85 47
94 60
27 10
40 10
13 27
94 27
74 27
103 27
76 40
72 40
61 40
65 40
30 40
54 40
81 40
104 40
32 40
35 40
105 40
100 40
11 76
28 76
15 76
49 11
31 11
36 12
72 91
92 91
28 72
73 72
67 72
36 72
13 92
61 92
70 92
13 28
49 28
87 28
29 28
106 28
15 28
36 28
29 13
102 13
61 13
30 13
78 13
70 13
107 13
57 13
94 49
29 87
31 87
44 87
15 87
70 29
54 29
79 29
55 29
106 29
54 50
55 102
77 61
54 61
71 61
79 61
36 61
71 62
73 62
107 62
36 63
71 64
108 65
77 65
83 77
56 77
85 77
79 30
55 30
15 30
73 78
56 78
54 70
31 70
55 70
83 70
55 54
56 54
15 54
37 54
31 71
81 79
37 79
73 31
85 31
73 55
80 55
81 73
97 73
57 73
74 106
104 74
32 74
109 74
110 74
104 81
57 81
89 104
35 104
36 104
56 32
36 83
57 67
97 44
105 44
111 97
95 97
57 95
110 100
36 85
37 36
90 37
