72 189
0 1
1 2
1 3
4 1
5 6
7 1
1 8
1 9
5 1
1 10
1 6
4 2
7 10
10 4
2 10
11 1
12 10
1 13
14 10
1 15
16 10
9 17
10 8
18 10
10 19
10 20
21 10
22 23
10 3
24 10
0 25
26 10
1 27
10 0
28 10
2 29
30 10
0 31
32 10
0 33
34 10
1 35
36 10
0 37
38 10
39 40
41 10
1 42
43 10
1 44
45 10
1 46
16 12
0 47
22 4
39 22
4 48
49 22
2 50
22 2
51 22
2 16
19 22
1 38
22 1
39 47
47 4
49 47
47 2
51 47
48 39
4 49
39 2
50 39
2 51
16 39
2 49
50 48
48 2
16 48
49 6
51 49
4 16
51 50
50 4
16 51
4 17
16 0
18 16
1 21
16 6
24 16
1 20
16 1
25 16
0 18
17 12
19 17
4 21
17 1
52 17
0 53
54 17
43 17
19 18
18 6
55 18
1 56
18 1
52 18
2 53
35 18
42 18
6 43
18 7
44 18
4 45
57 18
2 21
19 1
33 19
1 36
19 2
37 19
0 58
38 19
49 46
19 0
23 21
1 24
25 21
33 21
40 21
7 42
43 21
0 44
45 21
34 23
2 59
23 0
28 24
0 29
24 0
30 24
1 31
32 24
1 25
20 0
29 28
2 30
28 0
31 28
0 32
30 29
32 29
30 0
32 30
60 55
55 1
53 52
0 38
52 6
61 52
1 62
52 1
42 52
1 43
44 52
1 45
57 52
1 63
64 1
35 63
35 4
61 35
1 40
35 8
65 35
7 66
67 35
0 62
68 35
6 41
35 6
69 35
2 70
42 35
45 35
1 71
